Последовательность из ASCII-кодов символов: 
-111
-66
-77
-48
-48
-48
-48
-47
-47
32
-78
-80
-68
32
-76
-128
-125
-73
-116
-113
-48
-48
-48
44
-48
32
-73
-80
-79
-66
-126
-80
-123
-48
-48
-48
-48
-48
44
-47
-48
-47
-47
-48
-48
-48
32
-127
-69
-125
-74
-79
-117
10
-104
-48
-48
32
-65
-72
-128
-80
-123
-47
-48
-48
-48
-47
-48
-47
-48
-48
-48
32
-76
-128
-125
-74
-79
-117
10
-104
-48
32
-127
-69
-80
-76
-70
-72
-123
-47
-48
-48
-48
-47
-47
-48
-48
-47
32
-69
-114
-79
-78
-72
10
-111
-66
-77
-48
-48
-48
-48
-47
-47
32
-78
-80
-68
32
-76
-128
-125
-73
-116
-113
-48
-48
-48
44
-48
32
-78
-48
-47
-47
-47
-47
44
-48
32
-78
-48
-48
-47
-48
-48
-47
-48
-48
-48
32
-77
-66
-128
-75
10
-110
-48
-47
-48
-47
32
-121
-125
-74
-66
-68
32
-78
-48
-47
-47
-47
-47
-48
-48
-48
-48
32
-68
-66
-128
-75
-48
32
-78
-48
-47
-48
-47
-48
-47
-47
32
-65
-128
-66
-65
-80
-127
-126
-113
-123
-48
-48
-48
-48
-48
33
